TPS0
Low: 606
High: 1682
Delta: 1056
Eqn: (0.0946969697,-714)

TPS1
Low: 3125
High: 4216
Delta: 1091
Eqn: (0.0916590284,-3563)